model,question_type,horizon,nforecasts,nvalid,brier,expected_brier,calibration,excess_bits
anthropic/claude-fable-5,regular,T90,150,150,0.3309706666666667,0.3309706666666667,0.15714709333333332,0.7537634330389112
anthropic/claude-fable-5,regular,T120,150,150,0.33908973333333337,0.33908973333333337,0.1632135666666667,0.7398420338466412
anthropic/claude-fable-5,regular,T150,150,150,0.31502280000000005,0.31502280000000005,0.14104898000000002,0.6039392256066549
anthropic/claude-fable-5,regular,T180,150,150,0.3012310666666666,0.3012310666666666,0.12413612,0.4905895570939173
anthropic/claude-fable-5,regular,T210,150,150,0.29135266666666665,0.29135266666666665,0.11630242,0.45255251422370624
anthropic/claude-fable-5,regular,all,750,750,0.3155333866666667,0.3155333866666667,0.140369636,0.6081373527619661
anthropic/claude-fable-5,tail,T90,60,60,0.058901999999999996,0.058901999999999996,0.04376429999999999,0.19019586212372327
anthropic/claude-fable-5,tail,T120,60,60,0.07426999999999999,0.07426999999999999,0.05516361666666667,0.24872794525426575
anthropic/claude-fable-5,tail,T150,60,60,0.07240500000000001,0.07240500000000001,0.052122800000000004,0.24006599303608678
anthropic/claude-fable-5,tail,T180,60,60,0.080084,0.080084,0.06068590000000001,0.26595808511153946
anthropic/claude-fable-5,tail,T210,60,60,0.13400166666666666,0.13400166666666666,0.11532968333333334,0.49729572911094244
anthropic/claude-fable-5,tail,all,300,300,0.08393253333333332,0.08393253333333332,0.06541325999999999,0.2884487229273116
anthropic/claude-fable-5,mirror,T90,10,10,0.459318,0.459318,0.438894,1.717823025403996
anthropic/claude-fable-5,mirror,T120,10,10,0.34530599999999995,0.34530599999999995,0.33452109999999996,1.39342432335363
anthropic/claude-fable-5,mirror,T150,10,10,0.38741000000000003,0.38741000000000003,0.37016899999999997,1.4525926295543392
anthropic/claude-fable-5,mirror,T180,10,10,0.36065200000000003,0.36065200000000003,0.33797869999999997,1.4440161301137209
anthropic/claude-fable-5,mirror,T210,10,10,0.292222,0.292222,0.2786946,1.1025598681634086
anthropic/claude-fable-5,mirror,all,50,50,0.36898159999999997,0.36898159999999997,0.35205148,1.422083195317819
anthropic/claude-opus-5,regular,T90,150,150,0.3371901333333333,0.3371901333333333,0.16336656,0.7303790101485117
anthropic/claude-opus-5,regular,T120,150,150,0.35104533333333343,0.35104533333333343,0.17516916666666668,0.805251228632599
anthropic/claude-opus-5,regular,T150,150,150,0.3367498666666666,0.3367498666666666,0.16277604666666667,0.7220731388957149
anthropic/claude-opus-5,regular,T180,150,150,0.31793973333333336,0.31793973333333336,0.14084478666666667,0.5840338231331119
anthropic/claude-opus-5,regular,T210,150,150,0.31861866666666666,0.31861866666666666,0.14356842000000003,0.5986600928880693
anthropic/claude-opus-5,regular,all,750,750,0.33230874666666665,0.33230874666666665,0.157144996,0.6880794587396014
anthropic/claude-opus-5,tail,T90,60,60,0.06725433333333332,0.06725433333333332,0.05211663333333334,0.22858334331402735
anthropic/claude-opus-5,tail,T120,60,60,0.08285600000000001,0.08285600000000001,0.06374961666666666,0.2796332725502165
anthropic/claude-opus-5,tail,T150,60,60,0.06848166666666668,0.06848166666666668,0.048199466666666656,0.2199885469561126
anthropic/claude-opus-5,tail,T180,60,60,0.060451000000000005,0.060451000000000005,0.04105290000000002,0.20420929096569038
anthropic/claude-opus-5,tail,T210,60,60,0.11118066666666666,0.11118066666666666,0.09250868333333333,0.3969109602299892
anthropic/claude-opus-5,tail,all,300,300,0.07804473333333334,0.07804473333333334,0.05952546,0.26586508280320725
anthropic/claude-opus-5,mirror,T90,10,10,0.5045799999999999,0.5045799999999999,0.4841559999999999,1.8919693942125015
anthropic/claude-opus-5,mirror,T120,10,10,0.49252599999999996,0.49252599999999996,0.4817410999999999,1.8951185679003413
anthropic/claude-opus-5,mirror,T150,10,10,0.46392799999999995,0.46392799999999995,0.44668699999999995,1.7802695423426542
anthropic/claude-opus-5,mirror,T180,10,10,0.425388,0.425388,0.4027146999999999,1.6675386526453022
anthropic/claude-opus-5,mirror,T210,10,10,0.350696,0.350696,0.3371686,1.2947228362114696
anthropic/claude-opus-5,mirror,all,50,50,0.4474236,0.4474236,0.43049348000000004,1.7059237986624538
openai/gpt-5.6-sol,regular,T90,150,150,0.2828877016666667,0.2828877016666667,0.10906412833333332,0.4660589533478161
openai/gpt-5.6-sol,regular,T120,150,150,0.27124191999999997,0.27124191999999997,0.09536575333333333,0.3767134961997639
openai/gpt-5.6-sol,regular,T150,150,150,0.2830046066666666,0.2830046066666666,0.10903078666666666,0.44345809103222433
openai/gpt-5.6-sol,regular,T180,150,150,0.29179999999999995,0.29179999999999995,0.11470505333333333,0.4710015774527297
openai/gpt-5.6-sol,regular,T210,150,150,0.29120050000000003,0.29120050000000003,0.11615025333333333,0.4408595125663723
openai/gpt-5.6-sol,regular,all,750,750,0.28402694566666664,0.28402694566666664,0.108863195,0.4396183261197813
openai/gpt-5.6-sol,tail,T90,60,60,0.09284696666666668,0.09284696666666668,0.07770926666666668,0.3634161285260608
openai/gpt-5.6-sol,tail,T120,60,60,0.12749344999999998,0.12749344999999998,0.10838706666666664,0.4797380432584914
openai/gpt-5.6-sol,tail,T150,60,60,0.15883665416666665,0.15883665416666665,0.13855445416666665,0.5422751439867477
openai/gpt-5.6-sol,tail,T180,60,60,0.18853956666666666,0.18853956666666666,0.16914146666666666,0.692345553747234
openai/gpt-5.6-sol,tail,T210,60,60,0.27996488333333336,0.27996488333333336,0.2612929,1.0396821877911446
openai/gpt-5.6-sol,tail,all,300,300,0.16953630416666665,0.16953630416666665,0.15101703083333334,0.6234914114619358
openai/gpt-5.6-sol,mirror,T90,10,10,0.29705400000000004,0.29705400000000004,0.27663,1.0349618481156995
openai/gpt-5.6-sol,mirror,T120,10,10,0.156432,0.156432,0.14564709999999997,0.6241979459187397
openai/gpt-5.6-sol,mirror,T150,10,10,0.105178,0.105178,0.087937,0.40101926514169817
openai/gpt-5.6-sol,mirror,T180,10,10,0.20206949999999999,0.20206949999999999,0.17939619999999998,0.6989025364463138
openai/gpt-5.6-sol,mirror,T210,10,10,0.22309040000000002,0.22309040000000002,0.20956299999999994,0.7720951684814468
openai/gpt-5.6-sol,mirror,all,50,50,0.19676477999999997,0.19676477999999997,0.17983466,0.7062353528207796
openai/gpt-5.5,regular,T90,150,150,0.2983889666666667,0.2983889666666667,0.12456539333333332,0.4791204952118689
openai/gpt-5.5,regular,T120,150,150,0.279202,0.279202,0.10332583333333333,0.37076597167139275
openai/gpt-5.5,regular,T150,150,150,0.28268670000000007,0.28268670000000007,0.10871288,0.39942211426088836
openai/gpt-5.5,regular,T180,150,150,0.28812269999999995,0.28812269999999995,0.11102775333333334,0.40800687887965353
openai/gpt-5.5,regular,T210,150,150,0.27569914,0.27569914,0.10064889333333332,0.345853748352518
openai/gpt-5.5,regular,all,750,750,0.28481990133333335,0.28481990133333335,0.10965615066666667,0.40063384167526433
openai/gpt-5.5,tail,T90,60,60,0.06870691666666669,0.06870691666666669,0.053569216666666676,0.26302111330515693
openai/gpt-5.5,tail,T120,60,60,0.10115266666666667,0.10115266666666667,0.08204628333333333,0.3614230545315691
openai/gpt-5.5,tail,T150,60,60,0.11801999999999999,0.11801999999999999,0.0977378,0.4138722135397541
openai/gpt-5.5,tail,T180,60,60,0.12942208333333333,0.12942208333333333,0.11002398333333334,0.4652429855471081
openai/gpt-5.5,tail,T210,60,60,0.196702,0.196702,0.1780300166666667,0.6949504196389377
openai/gpt-5.5,tail,all,300,300,0.12280073333333334,0.12280073333333334,0.10428145999999998,0.43970195731250517
openai/gpt-5.5,mirror,T90,10,10,0.382588,0.382588,0.36216400000000004,1.3358162560024294
openai/gpt-5.5,mirror,T120,10,10,0.23729,0.23729,0.22650509999999996,0.8893672362563974
openai/gpt-5.5,mirror,T150,10,10,0.26086200000000004,0.26086200000000004,0.243621,0.9077548384277534
openai/gpt-5.5,mirror,T180,10,10,0.306416,0.306416,0.28374269999999996,1.0348677911742175
openai/gpt-5.5,mirror,T210,10,10,0.250842,0.250842,0.23731460000000001,0.9270633461775217
openai/gpt-5.5,mirror,all,50,50,0.2875996,0.2875996,0.27066947999999996,1.0189738936076638
google/gemini-3.7-flash,regular,T90,150,150,0.27960559999999995,0.27960559999999995,0.10578202666666667,0.43155750303370655
google/gemini-3.7-flash,regular,T120,150,150,0.3007666666666667,0.3007666666666667,0.12489050000000002,0.49433831927062954
google/gemini-3.7-flash,regular,T150,150,150,0.2898643,0.2898643,0.11589048,0.4535879805673554
google/gemini-3.7-flash,regular,T180,150,150,0.29547779999999996,0.29547779999999996,0.11838285333333334,0.4793133461397726
google/gemini-3.7-flash,regular,T210,150,150,0.28825696666666667,0.28825696666666667,0.11320672000000002,0.4280942147719121
google/gemini-3.7-flash,regular,all,750,750,0.29079426666666663,0.29079426666666663,0.11563051599999997,0.45737827275667525
google/gemini-3.7-flash,tail,T90,60,60,0.10628766666666666,0.10628766666666666,0.09114996666666664,0.38629037453928117
google/gemini-3.7-flash,tail,T120,60,60,0.14617466666666662,0.14617466666666662,0.1270682833333333,0.5090504705622404
google/gemini-3.7-flash,tail,T150,60,60,0.17985366666666663,0.17985366666666663,0.15957146666666666,0.6276794731592414
google/gemini-3.7-flash,tail,T180,60,60,0.19665333333333332,0.19665333333333332,0.17725523333333332,0.7440667879704133
google/gemini-3.7-flash,tail,T210,60,60,0.26272066666666666,0.26272066666666666,0.24404868333333332,0.991833876384758
google/gemini-3.7-flash,tail,all,300,300,0.17833800000000002,0.17833800000000002,0.15981872666666666,0.6517841965231869
google/gemini-3.7-flash,mirror,T90,10,10,0.15828800000000004,0.15828800000000004,0.13786400000000004,0.5979245595754208
google/gemini-3.7-flash,mirror,T120,10,10,0.12938799999999998,0.12938799999999998,0.11860309999999999,0.5599756670239716
google/gemini-3.7-flash,mirror,T150,10,10,0.15929000000000001,0.15929000000000001,0.14204900000000004,0.6426351102651405
google/gemini-3.7-flash,mirror,T180,10,10,0.158416,0.158416,0.1357427,0.6088802348502406
google/gemini-3.7-flash,mirror,T210,10,10,0.18281200000000003,0.18281200000000003,0.16928460000000004,0.6534942715417593
google/gemini-3.7-flash,mirror,all,50,50,0.1576388,0.1576388,0.14070867999999997,0.6125819686513065
openai/gpt-5.6-luna,regular,T90,150,150,0.29181833333333335,0.29181833333333335,0.11799476000000003,0.5193333324845959
openai/gpt-5.6-luna,regular,T120,150,150,0.30589521999999997,0.30589521999999997,0.13001905333333333,0.5378289404587361
openai/gpt-5.6-luna,regular,T150,150,150,0.2889831533333333,0.2889831533333333,0.11500933333333334,0.4722439939166418
openai/gpt-5.6-luna,regular,T180,150,150,0.29498895333333325,0.29498895333333325,0.11789400666666666,0.45229767148925587
openai/gpt-5.6-luna,regular,T210,150,150,0.2843043333333334,0.2843043333333334,0.10925408666666667,0.40459529817144185
openai/gpt-5.6-luna,regular,all,750,750,0.2931979986666666,0.2931979986666666,0.11803424800000001,0.4772598473041343
openai/gpt-5.6-luna,tail,T90,60,60,0.11742448333333333,0.11742448333333333,0.10228678333333334,0.44173920008462747
openai/gpt-5.6-luna,tail,T120,60,60,0.140777,0.140777,0.12167061666666669,0.5039900346207141
openai/gpt-5.6-luna,tail,T150,60,60,0.19539515,0.19539515,0.17511295,0.6823520727204595
openai/gpt-5.6-luna,tail,T180,60,60,0.20581366666666667,0.20581366666666667,0.18641556666666664,0.7388742407044258
openai/gpt-5.6-luna,tail,T210,60,60,0.2419495,0.2419495,0.22327751666666662,0.8688486243989837
openai/gpt-5.6-luna,tail,all,300,300,0.18027195999999998,0.18027195999999998,0.16175268666666667,0.6471608345058422
openai/gpt-5.6-luna,mirror,T90,10,10,0.283792,0.283792,0.263368,0.9706643714630223
openai/gpt-5.6-luna,mirror,T120,10,10,0.19991399999999998,0.19991399999999998,0.1891291,0.7615192513781001
openai/gpt-5.6-luna,mirror,T150,10,10,0.226364,0.226364,0.20912300000000003,0.840523606697074
openai/gpt-5.6-luna,mirror,T180,10,10,0.2068575,0.2068575,0.1841842,0.7372490737742389
openai/gpt-5.6-luna,mirror,T210,10,10,0.23860600000000004,0.23860600000000004,0.22507859999999996,0.863665888433997
openai/gpt-5.6-luna,mirror,all,50,50,0.2311067,0.2311067,0.21417657999999995,0.8347244383492864
anthropic/claude-sonnet-5,regular,T90,150,150,0.3210934666666666,0.3210934666666666,0.14726989333333335,0.6341916879212794
anthropic/claude-sonnet-5,regular,T120,150,150,0.3291305333333333,0.3291305333333333,0.1532543666666666,0.6614476388699978
anthropic/claude-sonnet-5,regular,T150,150,150,0.32562840000000004,0.32562840000000004,0.15165457999999998,0.6262937139170883
anthropic/claude-sonnet-5,regular,T180,150,150,0.3119861333333333,0.3119861333333333,0.1348911866666667,0.5622070681518553
anthropic/claude-sonnet-5,regular,T210,150,150,0.3193602666666666,0.3193602666666666,0.14431001999999998,0.6057322939120666
anthropic/claude-sonnet-5,regular,all,750,750,0.32143975999999996,0.32143975999999996,0.1462760093333333,0.6179744805544576
anthropic/claude-sonnet-5,tail,T90,60,60,0.05392133333333335,0.05392133333333335,0.03878363333333334,0.19007939940708576
anthropic/claude-sonnet-5,tail,T120,60,60,0.07822966666666667,0.07822966666666667,0.059123283333333325,0.26956238162992957
anthropic/claude-sonnet-5,tail,T150,60,60,0.06212566666666667,0.06212566666666667,0.04184346666666667,0.2132974240313924
anthropic/claude-sonnet-5,tail,T180,60,60,0.06578133333333332,0.06578133333333332,0.04638323333333332,0.22798717637803462
anthropic/claude-sonnet-5,tail,T210,60,60,0.10307666666666666,0.10307666666666666,0.08440468333333334,0.36799401112001456
anthropic/claude-sonnet-5,tail,all,300,300,0.07262693333333334,0.07262693333333334,0.05410766,0.2537840785132913
anthropic/claude-sonnet-5,mirror,T90,10,10,0.4763539999999999,0.4763539999999999,0.45592999999999995,1.878393865028889
anthropic/claude-sonnet-5,mirror,T120,10,10,0.38719,0.38719,0.37640509999999994,1.4954316825553593
anthropic/claude-sonnet-5,mirror,T150,10,10,0.46687400000000007,0.46687400000000007,0.44963299999999995,1.8090890968308162
anthropic/claude-sonnet-5,mirror,T180,10,10,0.378496,0.378496,0.35582269999999994,1.5844201349189473
anthropic/claude-sonnet-5,mirror,T210,10,10,0.32776600000000006,0.32776600000000006,0.3142386,1.271560557176104
anthropic/claude-sonnet-5,mirror,all,50,50,0.407336,0.407336,0.3904058799999999,1.607779067302023
deepseek/deepseek-v4-flash-0731,regular,T90,150,147,0.31002240000000003,0.31002240000000003,0.1361988266666667,0.6334826778000298
deepseek/deepseek-v4-flash-0731,regular,T120,150,148,0.3199842866666667,0.3199842866666667,0.14410812,0.7238604112895085
deepseek/deepseek-v4-flash-0731,regular,T150,150,149,0.31576748,0.31576748,0.14179366,0.6484926848737447
deepseek/deepseek-v4-flash-0731,regular,T180,150,150,0.31118486,0.31118486,0.13408991333333334,0.5774921890973583
deepseek/deepseek-v4-flash-0731,regular,T210,150,149,0.31528506666666667,0.31528506666666667,0.14023481999999998,0.5536705134423179
deepseek/deepseek-v4-flash-0731,regular,all,750,743,0.3144488186666667,0.3144488186666667,0.139285068,0.6273996953005917
deepseek/deepseek-v4-flash-0731,tail,T90,60,58,0.10014313333333334,0.10014313333333334,0.08500543333333334,0.35490522364762206
deepseek/deepseek-v4-flash-0731,tail,T120,60,60,0.09580433333333332,0.09580433333333332,0.07669794999999999,0.3266418610181791
deepseek/deepseek-v4-flash-0731,tail,T150,60,60,0.1455567,0.1455567,0.1252745,0.49931830192994686
deepseek/deepseek-v4-flash-0731,tail,T180,60,59,0.13195039683333334,0.13195039683333334,0.11255229683333333,0.4740252313494321
deepseek/deepseek-v4-flash-0731,tail,T210,60,60,0.21557710000000005,0.21557710000000005,0.19690511666666666,0.7718884331458357
deepseek/deepseek-v4-flash-0731,tail,all,300,297,0.1378063327,0.1378063327,0.11928705936666667,0.4853558102182031
deepseek/deepseek-v4-flash-0731,mirror,T90,10,10,0.346896,0.346896,0.326472,1.2598134274839135
deepseek/deepseek-v4-flash-0731,mirror,T120,10,10,0.337908,0.337908,0.3271231,1.2514618496459669
deepseek/deepseek-v4-flash-0731,mirror,T150,10,10,0.35054599999999997,0.35054599999999997,0.333305,1.5261006097398666
deepseek/deepseek-v4-flash-0731,mirror,T180,10,10,0.33233799999999997,0.33233799999999997,0.3096647,1.2105032980832664
deepseek/deepseek-v4-flash-0731,mirror,T210,10,10,0.358854,0.358854,0.34532659999999993,1.3796213308210212
deepseek/deepseek-v4-flash-0731,mirror,all,50,50,0.34530839999999996,0.34530839999999996,0.32837827999999997,1.325500103154807
google/gemini-3-flash-preview,regular,T90,150,150,0.2733485333333333,0.2733485333333333,0.09952495999999998,0.370157084841125
google/gemini-3-flash-preview,regular,T120,150,150,0.28274399999999994,0.28274399999999994,0.10686783333333333,0.38275488675059033
google/gemini-3-flash-preview,regular,T150,150,150,0.2865472,0.2865472,0.11257338,0.414437722584434
google/gemini-3-flash-preview,regular,T180,150,150,0.2845448,0.2845448,0.10744985333333332,0.39488170511854026
google/gemini-3-flash-preview,regular,T210,150,150,0.27573813333333336,0.27573813333333336,0.10068788666666666,0.3531842949105231
google/gemini-3-flash-preview,regular,all,750,750,0.28058453333333333,0.28058453333333333,0.10542078266666666,0.3830831388410426
google/gemini-3-flash-preview,tail,T90,60,60,0.10261366666666667,0.10261366666666667,0.08747596666666667,0.39029421144022225
google/gemini-3-flash-preview,tail,T120,60,60,0.14806099999999997,0.14806099999999997,0.12895461666666666,0.5330604964600761
google/gemini-3-flash-preview,tail,T150,60,60,0.17237999999999998,0.17237999999999998,0.15209779999999998,0.600282057434358
google/gemini-3-flash-preview,tail,T180,60,60,0.16489399999999999,0.16489399999999999,0.14549589999999996,0.6036268286008496
google/gemini-3-flash-preview,tail,T210,60,60,0.21673666666666663,0.21673666666666663,0.19806468333333332,0.7804151675831968
google/gemini-3-flash-preview,tail,all,300,300,0.16093706666666666,0.16093706666666666,0.14241779333333332,0.5815357523037405
google/gemini-3-flash-preview,mirror,T90,10,10,0.25543600000000005,0.25543600000000005,0.23501200000000005,0.8850662192951619
google/gemini-3-flash-preview,mirror,T120,10,10,0.13535,0.13535,0.12456509999999996,0.578175864245481
google/gemini-3-flash-preview,mirror,T150,10,10,0.329172,0.329172,0.311931,1.1488435951028069
google/gemini-3-flash-preview,mirror,T180,10,10,0.19883800000000001,0.19883800000000001,0.17616469999999998,0.6876067998951974
google/gemini-3-flash-preview,mirror,T210,10,10,0.19107800000000003,0.19107800000000003,0.17755060000000003,0.679757449685295
google/gemini-3-flash-preview,mirror,all,50,50,0.2219748,0.2219748,0.20504468000000003,0.7958899856447883
openai/gpt-5,regular,T90,150,150,0.27377546666666663,0.27377546666666663,0.09995189333333332,0.37183659162745475
openai/gpt-5,regular,T120,150,150,0.29021800000000003,0.29021800000000003,0.11434183333333332,0.43217064333743715
openai/gpt-5,regular,T150,150,150,0.28776413333333345,0.28776413333333345,0.11379031333333332,0.39910416749489325
openai/gpt-5,regular,T180,150,150,0.2933737333333334,0.2933737333333334,0.11627878666666668,0.40739730787519013
openai/gpt-5,regular,T210,150,150,0.2889778666666667,0.2889778666666667,0.11392762,0.3862485382551375
openai/gpt-5,regular,all,750,750,0.28682184,0.28682184,0.11165808933333335,0.3993514497180225
openai/gpt-5,tail,T90,60,60,0.1271536666666667,0.1271536666666667,0.11201596666666666,0.47553404261043597
openai/gpt-5,tail,T120,60,60,0.14010433333333333,0.14010433333333333,0.12099794999999999,0.5020359353047228
openai/gpt-5,tail,T150,60,60,0.196037,0.196037,0.1757548,0.6775472945934119
openai/gpt-5,tail,T180,60,60,0.20968266666666666,0.20968266666666666,0.19028456666666665,0.7341464209200674
openai/gpt-5,tail,T210,60,60,0.2838473333333333,0.2838473333333333,0.26517535000000003,0.9857749769371383
openai/gpt-5,tail,all,300,300,0.191365,0.191365,0.17284572666666664,0.6750077340731553
openai/gpt-5,mirror,T90,10,10,0.206022,0.206022,0.18559799999999999,0.7296257556080781
openai/gpt-5,mirror,T120,10,10,0.190928,0.190928,0.1801431,0.7844924889060747
openai/gpt-5,mirror,T150,10,10,0.183722,0.183722,0.16648100000000005,0.6551982080685083
openai/gpt-5,mirror,T180,10,10,0.20653200000000002,0.20653200000000002,0.18385869999999999,0.7334287767040424
openai/gpt-5,mirror,T210,10,10,0.173738,0.173738,0.16021059999999998,0.6632454575509097
openai/gpt-5,mirror,all,50,50,0.1921884,0.1921884,0.17525828000000002,0.7131981373675227
openai/o3,regular,T90,150,150,0.27633426666666666,0.27633426666666666,0.1025106933333333,0.38300767055316537
openai/o3,regular,T120,150,150,0.29085586666666674,0.29085586666666674,0.11497969999999998,0.41687225423861357
openai/o3,regular,T150,150,149,0.27250466666666673,0.27250466666666673,0.09853084666666666,0.3429239638264453
openai/o3,regular,T180,150,150,0.28690173333333335,0.28690173333333335,0.10980678666666667,0.40609370801915035
openai/o3,regular,T210,150,149,0.2723176,0.2723176,0.09726735333333333,0.3334749961743337
openai/o3,regular,all,750,748,0.2797828266666667,0.2797828266666667,0.10461907599999999,0.3764745185623416
openai/o3,tail,T90,60,60,0.10657966666666668,0.10657966666666668,0.09144196666666665,0.4190339527556174
openai/o3,tail,T120,60,60,0.08063599999999999,0.08063599999999999,0.06152961666666667,0.3168168818711111
openai/o3,tail,T150,60,60,0.1457476666666667,0.1457476666666667,0.12546546666666666,0.5195293978491645
openai/o3,tail,T180,60,60,0.14581366666666667,0.14581366666666667,0.12641556666666665,0.535209297104944
openai/o3,tail,T210,60,60,0.19445033333333334,0.19445033333333334,0.17577835,0.6958298113321086
openai/o3,tail,all,300,300,0.13464546666666669,0.13464546666666669,0.11612619333333332,0.49728386818258913
openai/o3,mirror,T90,10,10,0.33224200000000004,0.33224200000000004,0.311818,1.114591794999138
openai/o3,mirror,T120,10,10,0.22726799999999997,0.22726799999999997,0.21648309999999996,0.8605381930688669
openai/o3,mirror,T150,10,10,0.23834,0.23834,0.22109900000000002,0.8299464597100752
openai/o3,mirror,T180,10,10,0.27709399999999995,0.27709399999999995,0.25442069999999994,0.9478159078143303
openai/o3,mirror,T210,10,10,0.26028399999999996,0.26028399999999996,0.24675660000000005,0.945410142128131
openai/o3,mirror,all,50,50,0.2670456,0.2670456,0.25011548,0.9396604995441082
openai/gpt-5.4-nano,regular,T90,150,150,0.3143325,0.3143325,0.14050892666666667,0.5924127958842745
openai/gpt-5.4-nano,regular,T120,150,150,0.3216261816666667,0.3216261816666667,0.14575001499999998,0.6402788836518871
openai/gpt-5.4-nano,regular,T150,150,150,0.31954466000000004,0.31954466000000004,0.14557083999999998,0.6294884680612606
openai/gpt-5.4-nano,regular,T180,150,150,0.3039728316006667,0.3039728316006667,0.126877884934,0.5201621130566523
openai/gpt-5.4-nano,regular,T210,150,150,0.2893680733333333,0.2893680733333333,0.11431782666666668,0.4546488612972657
openai/gpt-5.4-nano,regular,all,750,750,0.3097688493201334,0.3097688493201334,0.13460509865346668,0.567398224390268
openai/gpt-5.4-nano,tail,T90,60,60,0.08401766666666667,0.08401766666666667,0.06887996666666667,0.3271235069389438
openai/gpt-5.4-nano,tail,T120,60,60,0.07693966666666667,0.07693966666666667,0.05783328333333334,0.28701155235007003
openai/gpt-5.4-nano,tail,T150,60,60,0.11010466666666667,0.11010466666666667,0.08982246666666667,0.3997469638046289
openai/gpt-5.4-nano,tail,T180,60,60,0.09205033333333333,0.09205033333333333,0.07265223333333333,0.3438311816070955
openai/gpt-5.4-nano,tail,T210,60,60,0.11814699999999999,0.11814699999999999,0.09947501666666667,0.44162983812709966
openai/gpt-5.4-nano,tail,all,300,300,0.09625186666666667,0.09625186666666667,0.07773259333333334,0.35986860856556757
openai/gpt-5.4-nano,mirror,T90,10,10,0.42828599999999994,0.42828599999999994,0.407862,1.5098873439547333
openai/gpt-5.4-nano,mirror,T120,10,10,0.43985399999999997,0.43985399999999997,0.4290691,1.5479015297463523
openai/gpt-5.4-nano,mirror,T150,10,10,0.4885725000000001,0.4885725000000001,0.47133149999999996,2.0628001864011045
openai/gpt-5.4-nano,mirror,T180,10,10,0.470836,0.470836,0.44816269999999997,1.7371292992413168
openai/gpt-5.4-nano,mirror,T210,10,10,0.34987399999999996,0.34987399999999996,0.33634660000000005,1.2377364762205114
openai/gpt-5.4-nano,mirror,all,50,50,0.43548449999999994,0.43548449999999994,0.41855438,1.6190909671128033
openai/o4-mini,regular,T90,150,150,0.3368270666666667,0.3368270666666667,0.16300349333333333,0.7295382180808723
openai/o4-mini,regular,T120,150,150,0.3478298666666667,0.3478298666666667,0.1719537,0.8344444104294815
openai/o4-mini,regular,T150,150,150,0.3543014666666666,0.3543014666666666,0.18032764666666665,0.873112642463223
openai/o4-mini,regular,T180,150,150,0.3310995,0.3310995,0.15400455333333332,0.7588328897918822
openai/o4-mini,regular,T210,150,150,0.3453496333333333,0.3453496333333333,0.1702993866666667,0.8046397543042051
openai/o4-mini,regular,all,750,750,0.34308150666666665,0.34308150666666665,0.16791775600000003,0.8001135830139329
openai/o4-mini,tail,T90,60,60,0.12152933333333332,0.12152933333333332,0.10639163333333333,0.43289293152029806
openai/o4-mini,tail,T120,60,60,0.13557699999999998,0.13557699999999998,0.11647061666666665,0.48936101184196246
openai/o4-mini,tail,T150,60,60,0.1580183333333333,0.1580183333333333,0.13773613333333332,0.5481623684945872
openai/o4-mini,tail,T180,60,60,0.10325333333333335,0.10325333333333335,0.08385523333333333,0.3624813464213378
openai/o4-mini,tail,T210,60,60,0.14601899999999995,0.14601899999999995,0.12734701666666667,0.5789411321039831
openai/o4-mini,tail,all,300,300,0.13287939999999998,0.13287939999999998,0.11436012666666666,0.4823677580764337
openai/o4-mini,mirror,T90,10,10,0.49833999999999995,0.49833999999999995,0.4779159999999999,2.156667038182212
openai/o4-mini,mirror,T120,10,10,0.462824,0.462824,0.4520391,1.7625398472334202
openai/o4-mini,mirror,T150,10,10,0.55051,0.55051,0.533269,2.313385931252153
openai/o4-mini,mirror,T180,10,10,0.43622200000000005,0.43622200000000005,0.41354870000000005,1.8207444467921623
openai/o4-mini,mirror,T210,10,10,0.3978499999999999,0.3978499999999999,0.38432259999999996,1.4733750166443067
openai/o4-mini,mirror,all,50,50,0.46914919999999993,0.46914919999999993,0.45221908,1.905342456020851
openai/gpt-5-mini,regular,T90,150,150,0.292074,0.292074,0.11825042666666666,0.47936516105646937
openai/gpt-5-mini,regular,T120,150,150,0.3102043666666666,0.3102043666666666,0.1343282,0.560739960767929
openai/gpt-5-mini,regular,T150,150,150,0.3045359,0.3045359,0.13056208,0.5291147061537811
openai/gpt-5-mini,regular,T180,150,150,0.30043319999999996,0.30043319999999996,0.12333825333333333,0.48067615279739545
openai/gpt-5-mini,regular,T210,150,150,0.304774,0.304774,0.12972375333333333,0.4971427751609835
openai/gpt-5-mini,regular,all,750,750,0.30240429333333335,0.30240429333333335,0.12724054266666668,0.5094077511873116
openai/gpt-5-mini,tail,T90,60,60,0.14785134999999996,0.14785134999999996,0.13271365,0.5433289795142989
openai/gpt-5-mini,tail,T120,60,60,0.13002266666666665,0.13002266666666665,0.11091628333333331,0.4643452024104767
openai/gpt-5-mini,tail,T150,60,60,0.19692933333333332,0.19692933333333332,0.17664713333333332,0.6927153702786962
openai/gpt-5-mini,tail,T180,60,60,0.203815,0.203815,0.18441689999999997,0.7145702376433056
openai/gpt-5-mini,tail,T210,60,60,0.24222741666666667,0.24222741666666667,0.2235554333333333,0.8360700970736944
openai/gpt-5-mini,tail,all,300,300,0.18416915333333334,0.18416915333333334,0.16564988,0.6502059773840944
openai/gpt-5-mini,mirror,T90,10,10,0.26236800000000005,0.26236800000000005,0.241944,0.9327463766232491
openai/gpt-5-mini,mirror,T120,10,10,0.252264,0.252264,0.24147909999999997,0.9302894714755044
openai/gpt-5-mini,mirror,T150,10,10,0.2615,0.2615,0.24425900000000006,0.9259027097335434
openai/gpt-5-mini,mirror,T180,10,10,0.27754399999999996,0.27754399999999996,0.25487069999999995,1.1129339181375195
openai/gpt-5-mini,mirror,T210,10,10,0.196292,0.196292,0.1827646,0.7177802942942322
openai/gpt-5-mini,mirror,all,50,50,0.24999359999999998,0.24999359999999998,0.23306347999999996,0.9239305540528098
google/gemini-3.1-flash-lite-preview,regular,T90,150,150,0.27886253333333333,0.27886253333333333,0.10503895999999999,0.37134389407078144
google/gemini-3.1-flash-lite-preview,regular,T120,150,150,0.2968646666666667,0.2968646666666667,0.12098849999999998,0.4413863705863658
google/gemini-3.1-flash-lite-preview,regular,T150,150,150,0.30713039999999997,0.30713039999999997,0.13315658,0.49680877342940105
google/gemini-3.1-flash-lite-preview,regular,T180,150,150,0.30907560000000006,0.30907560000000006,0.1319806533333333,0.49327126865095283
google/gemini-3.1-flash-lite-preview,regular,T210,150,150,0.314266,0.314266,0.13921575333333333,0.49123884564893444
google/gemini-3.1-flash-lite-preview,regular,all,750,750,0.30123984,0.30123984,0.12607608933333334,0.45880983047728713
google/gemini-3.1-flash-lite-preview,tail,T90,60,60,0.1585403333333333,0.1585403333333333,0.1434026333333333,0.5892185922004665
google/gemini-3.1-flash-lite-preview,tail,T120,60,60,0.16641833333333336,0.16641833333333336,0.14731195000000002,0.5911685097718313
google/gemini-3.1-flash-lite-preview,tail,T150,60,60,0.21595333333333327,0.21595333333333327,0.1956711333333333,0.7570049659312116
google/gemini-3.1-flash-lite-preview,tail,T180,60,60,0.18088166666666666,0.18088166666666666,0.16148356666666666,0.6563688161968066
google/gemini-3.1-flash-lite-preview,tail,T210,60,60,0.23151833333333333,0.23151833333333333,0.21284634999999993,0.8251634313309137
google/gemini-3.1-flash-lite-preview,tail,all,300,300,0.19066239999999998,0.19066239999999998,0.17214312666666665,0.6837848630862459
google/gemini-3.1-flash-lite-preview,mirror,T90,10,10,0.272858,0.272858,0.25243399999999994,0.9208853797376783
google/gemini-3.1-flash-lite-preview,mirror,T120,10,10,0.22172999999999998,0.22172999999999998,0.2109451,0.8183494599318288
google/gemini-3.1-flash-lite-preview,mirror,T150,10,10,0.28378200000000003,0.28378200000000003,0.26654100000000003,0.9681082628500857
google/gemini-3.1-flash-lite-preview,mirror,T180,10,10,0.24471400000000001,0.24471400000000001,0.22204069999999998,0.8724686358914674
google/gemini-3.1-flash-lite-preview,mirror,T210,10,10,0.22522000000000003,0.22522000000000003,0.21169259999999998,0.8138565858331406
google/gemini-3.1-flash-lite-preview,mirror,all,50,50,0.24966080000000004,0.24966080000000004,0.23273068,0.8787336648488402
qwen/qwen3.5-flash-02-23,regular,T90,150,150,0.30572426666666663,0.30572426666666663,0.13190069333333335,0.5316277532681631
qwen/qwen3.5-flash-02-23,regular,T120,150,150,0.35314866666666667,0.35314866666666667,0.1772725,0.8528529392302189
qwen/qwen3.5-flash-02-23,regular,T150,150,150,0.31328066666666665,0.31328066666666665,0.13930684666666665,0.5789274709185065
qwen/qwen3.5-flash-02-23,regular,T180,150,150,0.3304049333333333,0.3304049333333333,0.15330998666666665,0.6108048850969587
qwen/qwen3.5-flash-02-23,regular,T210,150,150,0.34041493333333334,0.34041493333333334,0.16536468666666668,0.6996915527963637
qwen/qwen3.5-flash-02-23,regular,all,750,750,0.3285946933333333,0.3285946933333333,0.15343094266666665,0.6547809202620423
qwen/qwen3.5-flash-02-23,tail,T90,60,60,0.15573966666666667,0.15573966666666667,0.14060196666666666,0.5614533634091432
qwen/qwen3.5-flash-02-23,tail,T120,60,60,0.12288633333333333,0.12288633333333333,0.10377995,0.4445807255855906
qwen/qwen3.5-flash-02-23,tail,T150,60,60,0.21699266666666667,0.21699266666666667,0.1967104666666666,0.8088980060236779
qwen/qwen3.5-flash-02-23,tail,T180,60,60,0.20637700000000006,0.20637700000000006,0.18697890000000003,0.7453303432954859
qwen/qwen3.5-flash-02-23,tail,T210,60,60,0.272657,0.272657,0.2539850166666666,1.0636698533497193
qwen/qwen3.5-flash-02-23,tail,all,300,300,0.19493053333333332,0.19493053333333332,0.17641126,0.7247864583327233
qwen/qwen3.5-flash-02-23,mirror,T90,10,10,0.37209,0.37209,0.3516659999999999,1.3567679717236718
qwen/qwen3.5-flash-02-23,mirror,T120,10,10,0.28198,0.28198,0.2711951,1.1590615732715914
qwen/qwen3.5-flash-02-23,mirror,T150,10,10,0.380076,0.380076,0.362835,1.6519706669902483
qwen/qwen3.5-flash-02-23,mirror,T180,10,10,0.30941199999999996,0.30941199999999996,0.28673869999999996,1.1808240443674214
qwen/qwen3.5-flash-02-23,mirror,T210,10,10,0.33083,0.33083,0.3173026,1.3224160317830704
qwen/qwen3.5-flash-02-23,mirror,all,50,50,0.3348776,0.3348776,0.31794747999999995,1.3342080576272004
anthropic/claude-haiku-4.5,regular,T90,150,150,0.27742439999999996,0.27742439999999996,0.10360082666666669,0.3760223453657797
anthropic/claude-haiku-4.5,regular,T120,150,150,0.28120799999999996,0.28120799999999996,0.10533183333333335,0.3686545954824377
anthropic/claude-haiku-4.5,regular,T150,150,150,0.2801344,0.2801344,0.10616058,0.37380221485709386
anthropic/claude-haiku-4.5,regular,T180,150,150,0.27964026666666664,0.27964026666666664,0.10254532,0.37136049042939967
anthropic/claude-haiku-4.5,regular,T210,150,150,0.2744366666666666,0.2744366666666666,0.09938642000000002,0.3409403142214149
anthropic/claude-haiku-4.5,regular,all,750,750,0.27856874666666664,0.27856874666666664,0.103404996,0.3661559920712252
anthropic/claude-haiku-4.5,tail,T90,60,60,0.11390033333333334,0.11390033333333334,0.09876263333333334,0.45267905079304604
anthropic/claude-haiku-4.5,tail,T120,60,60,0.10040166666666668,0.10040166666666668,0.08129528333333334,0.3910420634729943
anthropic/claude-haiku-4.5,tail,T150,60,60,0.10639966666666667,0.10639966666666667,0.08611746666666666,0.4069919425594585
anthropic/claude-haiku-4.5,tail,T180,60,60,0.14606166666666665,0.14606166666666665,0.12666356666666664,0.5380049846804676
anthropic/claude-haiku-4.5,tail,T210,60,60,0.153699,0.153699,0.13502701666666667,0.5687132090358386
anthropic/claude-haiku-4.5,tail,all,300,300,0.12409246666666665,0.12409246666666665,0.10557319333333333,0.471486250108361
anthropic/claude-haiku-4.5,mirror,T90,10,10,0.308146,0.308146,0.28772200000000003,1.0579151030810157
anthropic/claude-haiku-4.5,mirror,T120,10,10,0.279784,0.279784,0.2689991,1.0130843803478455
anthropic/claude-haiku-4.5,mirror,T150,10,10,0.407582,0.407582,0.390341,1.5151828002295848
anthropic/claude-haiku-4.5,mirror,T180,10,10,0.270376,0.270376,0.24770269999999997,1.0604453519678188
anthropic/claude-haiku-4.5,mirror,T210,10,10,0.27814400000000006,0.27814400000000006,0.2646166,0.9827682279399882
anthropic/claude-haiku-4.5,mirror,all,50,50,0.3088064,0.3088064,0.29187628,1.1258791727132509
openai/gpt-5-nano,regular,T90,150,150,0.28366306666666663,0.28366306666666663,0.10983949333333336,0.37635159112255895
openai/gpt-5-nano,regular,T120,150,150,0.3041324,0.3041324,0.12825623333333336,0.43824704894697686
openai/gpt-5-nano,regular,T150,150,150,0.30682013333333336,0.30682013333333336,0.13284631333333333,0.46877566251885466
openai/gpt-5-nano,regular,T180,150,150,0.2913922666666666,0.2913922666666666,0.11429732000000001,0.3952571825821811
openai/gpt-5-nano,regular,T210,150,150,0.3084628,0.3084628,0.13341255333333335,0.4716392443746091
openai/gpt-5-nano,regular,all,750,750,0.29889413333333337,0.29889413333333337,0.12373038266666667,0.4300541459090362
openai/gpt-5-nano,tail,T90,60,60,0.11737199999999999,0.11737199999999999,0.10223429999999997,0.4700943562413801
openai/gpt-5-nano,tail,T120,60,60,0.11212099999999998,0.11212099999999998,0.09301461666666667,0.4349803861115626
openai/gpt-5-nano,tail,T150,60,60,0.1571653333333333,0.1571653333333333,0.13688313333333335,0.5574296640618053
openai/gpt-5-nano,tail,T180,60,60,0.125313,0.125313,0.10591489999999999,0.46905727515196655
openai/gpt-5-nano,tail,T210,60,60,0.10809033333333334,0.10809033333333334,0.08941835,0.41372070423759383
openai/gpt-5-nano,tail,all,300,300,0.12401233333333332,0.12401233333333332,0.10549305999999999,0.4690564771608617
openai/gpt-5-nano,mirror,T90,10,10,0.36847399999999997,0.36847399999999997,0.34804999999999997,1.2785605936301112
openai/gpt-5-nano,mirror,T120,10,10,0.333384,0.333384,0.3225991,1.1806283560498392
openai/gpt-5-nano,mirror,T150,10,10,0.45300199999999996,0.45300199999999996,0.43576099999999995,1.552902001972242
openai/gpt-5-nano,mirror,T180,10,10,0.514508,0.514508,0.49183469999999996,1.7233169025563193
openai/gpt-5-nano,mirror,T210,10,10,0.45949,0.45949,0.44596259999999993,1.6174322387462106
openai/gpt-5-nano,mirror,all,50,50,0.4257716,0.4257716,0.40884148,1.4705680185909444
moonshotai/kimi-k2,regular,T90,150,149,0.2881064,0.2881064,0.11428282666666666,0.4196500979530753
moonshotai/kimi-k2,regular,T120,150,149,0.30061983333333336,0.30061983333333336,0.12474366666666668,0.4544219185870091
moonshotai/kimi-k2,regular,T150,150,150,0.29727519999999996,0.29727519999999996,0.12330138,0.4489391265362162
moonshotai/kimi-k2,regular,T180,150,148,0.30551306666666667,0.30551306666666667,0.12841812,0.46157718078870885
moonshotai/kimi-k2,regular,T210,150,147,0.28656146666666665,0.28656146666666665,0.11151122000000001,0.39468713157259055
moonshotai/kimi-k2,regular,all,750,743,0.2956151933333333,0.2956151933333333,0.12045144266666667,0.43585509108751996
moonshotai/kimi-k2,tail,T90,60,60,0.09719733333333333,0.09719733333333333,0.08205963333333334,0.38838844194663413
moonshotai/kimi-k2,tail,T120,60,59,0.117266,0.117266,0.09815961666666664,0.4314594860513669
moonshotai/kimi-k2,tail,T150,60,60,0.15050399999999994,0.15050399999999994,0.1302218,0.5305945112904776
moonshotai/kimi-k2,tail,T180,60,60,0.12281933333333334,0.12281933333333334,0.10342123333333332,0.445689268976298
moonshotai/kimi-k2,tail,T210,60,60,0.14542241666666664,0.14542241666666664,0.12675043333333333,0.5306154718383379
moonshotai/kimi-k2,tail,all,300,299,0.12664181666666666,0.12664181666666666,0.10812254333333333,0.4653494360206229
moonshotai/kimi-k2,mirror,T90,10,10,0.36639600000000005,0.36639600000000005,0.34597200000000006,1.2220341951961562
moonshotai/kimi-k2,mirror,T120,10,10,0.23589599999999997,0.23589599999999997,0.22511109999999995,0.8797453446398951
moonshotai/kimi-k2,mirror,T150,10,10,0.4328540000000001,0.4328540000000001,0.415613,1.591435262051471
moonshotai/kimi-k2,mirror,T180,10,10,0.387468,0.387468,0.3647947,1.2920393163860728
moonshotai/kimi-k2,mirror,T210,10,10,0.331182,0.331182,0.31765459999999995,1.2058947777814906
moonshotai/kimi-k2,mirror,all,50,50,0.35075920000000005,0.35075920000000005,0.33382908000000006,1.238229779211017
google/gemini-2.5-flash,regular,T90,150,150,0.32993906666666667,0.32993906666666667,0.15611549333333333,0.6959726467346106
google/gemini-2.5-flash,regular,T120,150,150,0.33975693333333334,0.33975693333333334,0.16388076666666665,0.7510994896543045
google/gemini-2.5-flash,regular,T150,150,150,0.31850429999999996,0.31850429999999996,0.14453048,0.6732715821206576
google/gemini-2.5-flash,regular,T180,150,150,0.34262706666666665,0.34262706666666665,0.16553211999999998,0.7065395684947814
google/gemini-2.5-flash,regular,T210,150,150,0.3202170666666667,0.3202170666666667,0.14516681999999997,0.6448840938150056
google/gemini-2.5-flash,regular,all,750,750,0.33020888666666665,0.33020888666666665,0.15504513599999997,0.6943534761638721
google/gemini-2.5-flash,tail,T90,60,60,0.27874224999999997,0.27874224999999997,0.26360455,1.048930845861307
google/gemini-2.5-flash,tail,T120,60,60,0.24789133333333335,0.24789133333333335,0.22878495,0.8790487443505641
google/gemini-2.5-flash,tail,T150,60,60,0.2840753333333333,0.2840753333333333,0.2637931333333333,1.015478309506892
google/gemini-2.5-flash,tail,T180,60,60,0.27737500000000004,0.27737500000000004,0.2579769,0.9912067693539445
google/gemini-2.5-flash,tail,T210,60,60,0.37988741666666664,0.37988741666666664,0.3612154333333334,1.3713223135597759
google/gemini-2.5-flash,tail,all,300,300,0.29359426666666666,0.29359426666666666,0.27507499333333335,1.0611973965264967
google/gemini-2.5-flash,mirror,T90,10,10,0.15281000000000003,0.15281000000000003,0.13238599999999995,0.6545481243207221
google/gemini-2.5-flash,mirror,T120,10,10,0.11737599999999997,0.11737599999999997,0.10659109999999998,0.6297294460319296
google/gemini-2.5-flash,mirror,T150,10,10,0.219648,0.219648,0.202407,0.8780363345849425
google/gemini-2.5-flash,mirror,T180,10,10,0.21738399999999997,0.21738399999999997,0.19471069999999996,0.9493778772894508
google/gemini-2.5-flash,mirror,T210,10,10,0.24571600000000005,0.24571600000000005,0.23218859999999997,0.8831786625188649
google/gemini-2.5-flash,mirror,all,50,50,0.1905868,0.1905868,0.17365668000000004,0.7989740889491819
qwen/qwen3-235b-a22b,regular,T90,150,150,0.2956037333333333,0.2956037333333333,0.12178016,0.48544429034625824
qwen/qwen3-235b-a22b,regular,T120,150,150,0.32417834,0.32417834,0.14830217333333331,0.6155062139253092
qwen/qwen3-235b-a22b,regular,T150,150,150,0.31346893333333337,0.31346893333333337,0.13949511333333334,0.5340080546659831
qwen/qwen3-235b-a22b,regular,T180,150,150,0.31823406,0.31823406,0.14113911333333334,0.6121950142168904
qwen/qwen3-235b-a22b,regular,T210,150,150,0.3123866666666667,0.3123866666666667,0.13733642000000001,0.5649185058264116
qwen/qwen3-235b-a22b,regular,all,750,750,0.31277434666666665,0.31277434666666665,0.13761059599999997,0.5624144157961705
qwen/qwen3-235b-a22b,tail,T90,60,60,0.13127568333333334,0.13127568333333334,0.11613798333333333,0.5072009736873705
qwen/qwen3-235b-a22b,tail,T120,60,60,0.09560166666666665,0.09560166666666665,0.07649528333333332,0.3607731513462074
qwen/qwen3-235b-a22b,tail,T150,60,60,0.14320866666666665,0.14320866666666665,0.12292646666666666,0.5111939020479953
qwen/qwen3-235b-a22b,tail,T180,60,60,0.15661000000000003,0.15661000000000003,0.1372119,0.5614598446815756
qwen/qwen3-235b-a22b,tail,T210,60,60,0.15506308333333335,0.15506308333333335,0.1363911,0.5681928423755533
qwen/qwen3-235b-a22b,tail,all,300,300,0.13635182,0.13635182,0.11783254666666665,0.5017641428277403
qwen/qwen3-235b-a22b,mirror,T90,10,10,0.33343,0.33343,0.313006,1.1624716444418852
qwen/qwen3-235b-a22b,mirror,T120,10,10,0.32422,0.32422,0.3134350999999999,1.2202693882879643
qwen/qwen3-235b-a22b,mirror,T150,10,10,0.40149169999999995,0.40149169999999995,0.38425070000000006,2.0317370421843113
qwen/qwen3-235b-a22b,mirror,T180,10,10,0.56467,0.56467,0.5419966999999999,2.1440624158031563
qwen/qwen3-235b-a22b,mirror,T210,10,10,0.45714,0.45714,0.44361259999999997,1.7384684535712882
qwen/qwen3-235b-a22b,mirror,all,50,50,0.41619034000000005,0.41619034000000005,0.39926022000000005,1.6594017888577213
openai/gpt-4.1,regular,T90,150,150,0.29028346666666666,0.29028346666666666,0.11645989333333333,0.5050410855377555
openai/gpt-4.1,regular,T120,150,150,0.2958092,0.2958092,0.11993303333333333,0.517517966299176
openai/gpt-4.1,regular,T150,150,150,0.3080864,0.3080864,0.13411258,0.5272186968978747
openai/gpt-4.1,regular,T180,150,150,0.3265172333333334,0.3265172333333334,0.14942228666666665,0.621340134101982
openai/gpt-4.1,regular,T210,150,150,0.33094606666666676,0.33094606666666676,0.15589582000000002,0.6488844277413238
openai/gpt-4.1,regular,all,750,750,0.3103284733333333,0.3103284733333333,0.13516472266666665,0.5640004621156225
openai/gpt-4.1,tail,T90,60,60,0.18996375000000004,0.18996375000000004,0.17482605,0.731664681679569
openai/gpt-4.1,tail,T120,60,60,0.21640208333333338,0.21640208333333338,0.1972957,0.7608088079337901
openai/gpt-4.1,tail,T150,60,60,0.3081153333333333,0.3081153333333333,0.2878331333333333,1.1095057545883689
openai/gpt-4.1,tail,T180,60,60,0.3087236666666666,0.3087236666666666,0.28932556666666664,1.1495029573341624
openai/gpt-4.1,tail,T210,60,60,0.3441795833333333,0.3441795833333333,0.32550759999999995,1.3566470190754893
openai/gpt-4.1,tail,all,300,300,0.2734768833333333,0.2734768833333333,0.25495760999999995,1.021625844122276
openai/gpt-4.1,mirror,T90,10,10,0.13001999999999997,0.13001999999999997,0.109596,0.46663779376702763
openai/gpt-4.1,mirror,T120,10,10,0.126292,0.126292,0.1155071,0.680634721755817
openai/gpt-4.1,mirror,T150,10,10,0.14247600000000002,0.14247600000000002,0.12523499999999999,0.6605104462426289
openai/gpt-4.1,mirror,T180,10,10,0.162482,0.162482,0.1398087,0.5600206273934971
openai/gpt-4.1,mirror,T210,10,10,0.08077199999999998,0.08077199999999998,0.06724459999999999,0.30545190555672935
openai/gpt-4.1,mirror,all,50,50,0.12840839999999998,0.12840839999999998,0.11147828,0.53465109894314
deepseek/deepseek-chat,regular,T90,150,150,0.2953809333333334,0.2953809333333334,0.12155736,0.4582180711397793
deepseek/deepseek-chat,regular,T120,150,150,0.31488079999999996,0.31488079999999996,0.13900463333333335,0.5449858218542823
deepseek/deepseek-chat,regular,T150,150,150,0.31263466666666667,0.31263466666666667,0.13866084666666667,0.5210096079981781
deepseek/deepseek-chat,regular,T180,150,150,0.3168798666666666,0.3168798666666666,0.13978492000000003,0.5483374282646882
deepseek/deepseek-chat,regular,T210,150,150,0.3075272,0.3075272,0.1324769533333333,0.4884108253991884
deepseek/deepseek-chat,regular,all,750,750,0.3094606933333333,0.3094606933333333,0.13429694266666667,0.5121923509312233
deepseek/deepseek-chat,tail,T90,60,60,0.14057733333333336,0.14057733333333336,0.12543963333333333,0.5362267662306605
deepseek/deepseek-chat,tail,T120,60,60,0.12514833333333333,0.12514833333333333,0.10604195,0.46245639002927513
deepseek/deepseek-chat,tail,T150,60,60,0.14177,0.14177,0.1214878,0.5255689570940929
deepseek/deepseek-chat,tail,T180,60,60,0.15308666666666668,0.15308666666666668,0.13368856666666667,0.5506340916886603
deepseek/deepseek-chat,tail,T210,60,60,0.15423,0.15423,0.13555801666666667,0.5555268549435716
deepseek/deepseek-chat,tail,all,300,300,0.14296246666666665,0.14296246666666665,0.12444319333333335,0.5260826119972519
deepseek/deepseek-chat,mirror,T90,10,10,0.25084,0.25084,0.23041599999999995,0.8726442847387508
deepseek/deepseek-chat,mirror,T120,10,10,0.23885,0.23885,0.22806509999999997,0.8904517572499193
deepseek/deepseek-chat,mirror,T150,10,10,0.43154000000000003,0.43154000000000003,0.41429900000000003,1.631194872311586
deepseek/deepseek-chat,mirror,T180,10,10,0.4886899999999999,0.4886899999999999,0.46601669999999995,1.6951111297995503
deepseek/deepseek-chat,mirror,T210,10,10,0.39332,0.39332,0.3797926,1.4022997361286753
deepseek/deepseek-chat,mirror,all,50,50,0.36064799999999997,0.36064799999999997,0.34371788000000003,1.2983403560456963
meta-llama/llama-4-scout,regular,T90,150,150,0.29351746666666667,0.29351746666666667,0.11969389333333334,0.4112993103243232
meta-llama/llama-4-scout,regular,T120,150,150,0.31305199999999994,0.31305199999999994,0.13717583333333333,0.47611849233103726
meta-llama/llama-4-scout,regular,T150,150,150,0.31593160000000003,0.31593160000000003,0.14195778,0.5078444873782143
meta-llama/llama-4-scout,regular,T180,150,150,0.29754306666666663,0.29754306666666663,0.12044812,0.47033268266967876
meta-llama/llama-4-scout,regular,T210,150,150,0.3048186666666667,0.3048186666666667,0.12976842,0.4626676011831881
meta-llama/llama-4-scout,regular,all,750,750,0.30497256,0.30497256,0.12980880933333333,0.4656525147772885
meta-llama/llama-4-scout,tail,T90,60,60,0.1644083333333333,0.1644083333333333,0.14927063333333332,0.6150114567438831
meta-llama/llama-4-scout,tail,T120,60,60,0.10217499999999999,0.10217499999999999,0.08306861666666668,0.38856030582185114
meta-llama/llama-4-scout,tail,T150,60,60,0.1625633333333333,0.1625633333333333,0.14228113333333334,0.5860277991921566
meta-llama/llama-4-scout,tail,T180,60,60,0.15048166666666665,0.15048166666666665,0.13108356666666662,0.5660916979791082
meta-llama/llama-4-scout,tail,T210,60,60,0.12590333333333334,0.12590333333333334,0.10723135,0.46996932557577636
meta-llama/llama-4-scout,tail,all,300,300,0.1411063333333333,0.1411063333333333,0.12258705999999998,0.525132117062555
meta-llama/llama-4-scout,mirror,T90,10,10,0.35911,0.35911,0.338686,1.8574459427517382
meta-llama/llama-4-scout,mirror,T120,10,10,0.29842,0.29842,0.28763510000000003,1.127144256374112
meta-llama/llama-4-scout,mirror,T150,10,10,0.48444999999999994,0.48444999999999994,0.467209,1.7721954821077854
meta-llama/llama-4-scout,mirror,T180,10,10,0.4476299999999999,0.4476299999999999,0.42495669999999997,1.5339615745642121
meta-llama/llama-4-scout,mirror,T210,10,10,0.47553999999999996,0.47553999999999996,0.4620125999999999,1.7925114793861294
meta-llama/llama-4-scout,mirror,all,50,50,0.41302999999999995,0.41302999999999995,0.39609988,1.6166517470367956
